0 .779561928019403 .351137585043254 .50534371989039 .360428527459614 .650149774753659 .214494323002451 .369666279493715 .277452523868021 .19617462364297 .223240541814507 .174611195692374 .20280656310974 .158599998047989 .1585392453261 .127853721323106 .094204950363326 .23577420111407 .143043694996553 .151040011914844 .118953732805659 .121600785694917 .186674202519857 .165151717525638 .168769050001675 .144796142561723 .260479579612933 .097525458146044 .091162888888589 .114446657406274 .107843569651924 .103093007557442 .090622492969783 .107631133154081 .119361129246959 .078322917592702 .059589318831366 .057610852566092 .063911501764739 .07052548796198 .071757785458968 .081727360430112 .097316005691913 .116169851304443 .10635733547903 .168544853736513 .10931930518503 .102336443765798 .108312387753949 .159405324778221 .137108521879965 .130417325096646 .124189157794383 .114722572571373 .118463405591746 .148378667370157 .086211773440133 .077366288420947 .094980931032183 .088716635283809 .086061401918874 .087136569842431 .081023011007364 .080772473759171 .117997070616938 .108863825349231 .140141753738158 .114041198767313 .154619966600183 .104060631405237 .096044081774217 .127777606040452 .136936529177977 .156812056826146 .117267751095364 .148059158425529 .100527164903594 .069423719068859 .064093171524258 .066231450711607 .063080858121764 .067130851512715 .073742880831307 .086633120425803 .091642032977925 .077399224857222 .091691996031203 .080395426757766 .068863590453723 .07514870719783 .083567441583803 .087250493690519 .274872752902998 .189505772833202 .254051901316013 .186563137894584 .189224130917626 .221849273537402 .207132100115655 .157272250633968 .18699726265471 .191495232982991 .196606230405621 .159009285461517 .169817155777925 .136159686564803 .13814862826017 .209401597932213 .20268614600288 .183680156743963 .16558723207613 .221213277793112 .149615971767702 .142929506140348 .126914073972864 .168344548701647 .12125296605466 .131473041807481 .102214769817682 .096599193243144 .102389257739632 .092475433537038 .100049417065769 .101231013890422 .106220358146087 .09182745213825 .104929295378079 .092624972890774 .080678899612404 .074722916867446 .083790934031206 .080398426883569 .065995051063473 .0565633588128 .054726458182864 .05705921092352 .049786647406395 .052705762307493 .058236675289688 .058649088863783 .053389998192225 .057353503165628 .055638564283608 .052957188096476 .055386738616544 .053173299567679 .056280428026252 .050239871287768 .075489808071949 .063671050154528 .062455233760548 .062816669649274 .066599435702581 .075426723896341 .072492915558283 .058265522032865 .060604401801952 .055035856853484 .065737081913309 .056718469403887 .049856187101276 .052317893348233 .056698998341226 .042870532946912 .102586736284243 .112249625803188 .091830493317293 .103406252980335 .124593048377182 .139372517716268 .094823547604089 .108373086903281 .075062855793183 .083153071544956 .091594368635676 .049123736301553 .034665300901763
.779561928019403 0 .32063764331905 .9179584891617349 .496443253529993 .358804823252409 .192592734074906 .273058443819733 .248294849243997 .190852034560472 .208650861161304 .159185246332507 .167271089264284 .134614181392331 .161374805468352 .114868508457941 .09038244100537 .183740134379521 .155184091153982 .170855858042167 .129033874433184 .133515498549041 .208374837763589 .190623185117872 .181754331898051 .161125634411991 .287392145435212 .101519159420803 .095871004393782 .120226746201376 .114770010937632 .110898006069061 .096796560796918 .110880063092098 .12049316256818 .080818257130875 .061578988332475 .059094019280496 .065961700081834 .073377970658745 .072064638667976 .083199408140654 .110462097837081 .133002224804793 .121406810302436 .202399926861383 .124898553806564 .11655720744528 .12488795290189 .196501442944109 .162337183787444 .155089388177025 .145016667793317 .131940303518419 .137882969221955 .177446072322837 .096113605586201 .084704660801047 .107011624653868 .098885573702534 .095178333764394 .095736806167246 .089460684145433 .088450179523232 .132801850859984 .122397915699307 .161685198980141 .12944076865029 .178631875576433 .11417534229674 .106205872783244 .147212894530486 .151948017658659 .183953842464725 .129653126123611 .167492096378057 .110991361138655 .074784288878893 .068316349771792 .070803943581606 .066990863184579 .071361087388636 .079981529647535 .093239798617279 .10013665025712 .081490609814286 .098545571057164 .085367391582366 .072779956933549 .079537105602611 .088981946168543 .095048700212951 .376081340452031 .250353864696087 .359667666180354 .228421951165825 .248221970822016 .307617028160737 .251865005931385 .194861421845307 .242453967476852 .244188153654887 .224397635376843 .165055817205716 .183114531232598 .137174325504867 .142988797610779 .220554754603822 .213703439094469 .193222227046146 .168729232971092 .247282317449412 .157340961638864 .15148586217194 .125868825542771 .189913684058259 .131284167200786 .140427645784633 .109035681509944 .10365977843589 .103006796160186 .094715931100179 .107202888390594 .105423995412009 .1126744367934 .095721181594654 .113554374532473 .098302603385868 .08453102803756 .078381262446679 .086491917313965 .083374051815238 .068331645855077 .059014033003779 .056885642411592 .05928322380758 .051128277137642 .054290298045614 .06035155781381 .061352555120738 .055161990576663 .059809746967204 .057524290470743 .054049095293047 .056857247583103 .05462327885765 .057627799535965 .051088761022794 .07563782731147 .062706209570171 .061994761993612 .062754927092967 .065508900465533 .073947094494274 .072076534563783 .057427376923559 .06108536570503 .055218828298529 .066109605070668 .057122753416213 .049843688500087 .052403797425226 .056502837773312 .04273264392889 .100065709942763 .108013191329789 .088787475958077 .099841604918425 .11747658070392 .127087250429604 .09390281144207 .107133026483444 .07146469448961 .080046301762843 .087658633377113 .046947639248622 .033464668048914
.351137585043254 .32063764331905 0 .237644362128998 .194826467893501 .357483392838893 .46931942452053 .524042205419571 1.06004916833632 .44446383076277 .594761411883047 .311643169303313 .260802856363163 .18508135956304 .109658890577968 .168066848774396 .07482774569434 .245504152419852 .10462524887338 .111698472724678 .092028995376872 .094405793119716 .126412117936298 .119959334150952 .116493863927637 .107300592288573 .153377530770235 .077289418406774 .073814974885778 .087657695602108 .084526869941363 .0824520316263 .074430852219431 .082986855408794 .089250698100591 .064675685313131 .051659244350089 .049936602530846 .054726208385649 .059714146358228 .059620706653443 .066555316431965 .101588083914744 .131455505385971 .115172113596663 .205331912316002 .120091043478419 .109013425008288 .112746242968638 .169085950148496 .151972023186333 .135646544460042 .135544553101858 .126464388016702 .126530065653516 .167726630236769 .091415064750228 .084332019287835 .101552474541863 .095829779085848 .094652049461231 .098766312957727 .087011071461658 .089669997011202 .142781549626512 .126782826372564 .172635388577115 .131780792729339 .201177968246984 .127753415674637 .111227847138222 .149686021920677 .186395282777751 .196368412045076 .148937389623158 .199676653872174 .119400697448309 .077051782019368 .071695678903536 .07416830667087 .070979154992068 .076671718162426 .081704021100069 .104030586644373 .107912955523365 .094044787324911 .11277094510322 .097140718354909 .080319152889696 .089571485960755 .101629717314531 .101657818654862 .317299779748452 .168223176380108 .255005225811367 .229048886182854 .155697175616575 .204283767690454 .278419285098245 .131394817773561 .18718847815712 .209818787806839 .309280251255576 .275069709136261 .28339741665795 .220599635686845 .219058764994322 .443170972896662 .414417341674175 .345952116146695 .304222581222493 .404705606898153 .242491229606867 .221828764610874 .1986890381439 .247302761203845 .164843454052184 .191721184861791 .133185529150012 .121576089590255 .144052844031928 .123607793903762 .128058007626224 .137062156153941 .142139922996504 .119796514618606 .133872253954872 .117484727299684 .100124109771133 .090497018695332 .107509716463078 .101266321735625 .079048922551332 .064600261201529 .062508323098986 .065795490683812 .056936972628974 .06064530570737 .067733257148523 .067165168635608 .061306198240327 .065761675444701 .064340742993327 .061668064109649 .064624305729851 .061509681493952 .066066231626377 .058163186520349 .096093637609415 .077527195640538 .075934708488884 .076496690469236 .081892335072502 .095609011923996 .091346992182191 .069634675064594 .073075836828028 .065221277933169 .080752488418462 .067514814491348 .058103166059274 .061459372436689 .067615473788204 .04882770536718 .144194298254461 .162518570823201 .12263120079876 .144645440693897 .185273732419369 .205148800967377 .129884345816785 .156735374861814 .091476431081096 .106678210445982 .120621157320398 .054033431685444 .036710861527824
.50534371989039 .9179584891617349 .237644362128998 0 1.08112870241019 .286050475616207 .159428877019077 .216589771352868 .195575412916128 .158306049988007 .170012892177096 .135836285353409 .145079047299477 .120718099477087 .191640613832082 .102969671024451 .096677962488205 .161033759519678 .186707438386268 .209194242953373 .150069082503949 .155927026076871 .269346275855143 .239122326748595 .225626269958383 .195203161820649 .407426351255351 .113987732125606 .107048622541451 .138123420731623 .131168305195389 .126030338682273 .108083680580419 .125488928217057 .136706949402456 .088535604912014 .066006879524184 .063142383468249 .071061590384017 .079753061951191 .077644954774373 .091101101029675 .110602574985924 .12804013588615 .11936690148975 .184252366104726 .121954037757171 .115534380240587 .125006070910803 .190512404121646 .156269301639697 .154297933546615 .141338220504007 .128448294724197 .135979557867774 .168351796559852 .095633244661297 .083309364658451 .106009237770237 .097583254287166 .093236121505202 .092660855793026 .088536906266518 .086342819539432 .12472058557448 .116809752248953 .149489635951682 .123696722464029 .161223301194862 .107178073881366 .101851985765098 .139258823662112 .137075141258246 .167517105196808 .12002163586928 .150489123713533 .105405054667056 .073005571286947 .066461450711909 .068864255135864 .065016279478831 .068886972829844 .07814356037541 .088403782913318 .095525860628962 .076984748636237 .092663323392468 .080799333762714 .069719231570247 .075629678971744 .084031509408915 .091059461964732 .304730462355926 .267795669364218 .319866131353488 .204212903724454 .285981481747396 .306787509555372 .215618992991971 .223235072442573 .237261956021156 .226629005780468 .189387985097706 .141948601100954 .156883446001471 .120180253521851 .125529486045571 .180659740995945 .176235367823007 .162384561058529 .143872205684773 .20148525150589 .13696040270688 .133075297205099 .111106981370443 .16558272416128 .119278811749849 .125269049313812 .100650783079045 .096723111338533 .093212719360465 .086910849009961 .099485611987417 .096373426224045 .103212522777903 .0884479140393 .105366081763665 .091564834352098 .079309831601868 .074120345889971 .08030576849781 .077849190785451 .06479961432106 .056889195038918 .054813447460436 .056938415997384 .049167268007633 .052125917665302 .057783661661439 .059103681896698 .053019673698475 .057575919849789 .055166315177216 .051628328307384 .054320819925955 .052335829409785 .05493294692991 .048862284008031 .070214619127665 .058746715213023 .05819387364357 .058948524925382 .061194353722028 .068482677210928 .067018086717277 .054087146126755 .057626623235383 .052317982503703 .062011461335891 .054086221517601 .047427244598188 .049764060608108 .053369471213817 .040915923252121 .090310551205703 .096655412288067 .08096457284178 .090063594158114 .104167873667002 .111985194234571 .085425417892203 .096208089463799 .06638439217775 .073627462981935 .080024400641447 .044869714672396 .032452399726299
.360428527459614 .496443253529993 .194826467893501 1.08112870241019 0 .23670370308902 .139057642490056 .182949692981282 .165680209433474 .138220498156192 .146911619718418 .120770143923362 .129814225067691 .110529230793351 .225947941711819 .094540671995601 .102223586564998 .144357233230256 .225607228856768 .257882067149513 .174139499964515 .181688145590601 .358200492350584 .303694534624446 .283113902702904 .237763685262824 .606908048846427 .127227588702073 .118810583051735 .158045150002831 .149278640282135 .142502013356823 .119920811353529 .141132924129372 .153761761479358 .096336369749976 .070298763308516 .067041443658911 .0760544742668 .086104616338166 .08303441152046 .099027747747084 .10943401351011 .12243618599512 .116173610078812 .167510840053151 .117998269527154 .113259398096024 .123264558566711 .180017821751276 .148396579690278 .150281483519499 .135953032940334 .123827069725278 .132152978297315 .15775904227023 .094403213198514 .081640932350662 .104072363199264 .095656572078972 .090938004007567 .089564552433538 .087123291389841 .084082250430167 .117327650858414 .111273143241313 .13844851721336 .117776599237645 .146759471812372 .101140431036613 .097636297935025 .131214904429114 .125454591668078 .153030354984337 .111968310257475 .136996335570655 .10028490839363 .071233858206273 .064731247715956 .067038857681354 .06321999746854 .06668436562627 .076241554829017 .084255093117133 .091328619449349 .073309875016607 .087759208185273 .077001538127339 .067105988288051 .072357764841878 .079921523767906 .08738614486883 .251652870467644 .266043833944236 .273251178660098 .182695944443007 .305477327164877 .282154681284682 .188056689357322 .245175510706108 .221961153009294 .205603001094257 .1653454265272 .126505160291786 .139086102800083 .108604582221768 .113442387804419 .156026378177001 .152815882092404 .142475103247456 .127633241623989 .172660983327597 .12293725404081 .120119429651787 .100978209422218 .147775147499534 .110024014137409 .114202302855853 .094063499564017 .091077686604682 .086167438251136 .081095778909312 .093306676397573 .089587374786691 .095956189673499 .082871729453806 .098713814788104 .086193730530408 .075149843061688 .070656700785824 .075563166810731 .07354585048371 .06196291333038 .055089175610582 .053073215117304 .054987833941253 .047561981143611 .050352314474141 .055673170094756 .057191831158984 .051251279963822 .055693019239724 .05322812173528 .049689702079166 .052274406017023 .050477370291928 .052775517682554 .047082103712562 .0661473915548 .055751341776863 .055301497388826 .056040047303101 .057947380184888 .064432886868836 .063227442695599 .051536985127024 .054949834053031 .050062974109386 .058875893867331 .051722396682366 .045539102093814 .047706135535695 .05095569293676 .039483581262414 .08339378707475 .088730119323957 .075327498017893 .083146094506263 .0950262993443 .101679255950992 .079311015844445 .088501351336077 .062600377954485 .068934233242024 .074514455715689 .043233856148774 .031633771819778
.650149774753659 .358804823252409 .357483392838893 .286050475616207 .23670370308902 0 .251394786918024 .614417399338047 .313105342976881 .205210395000273 .243991188808718 .202601836579626 .282091233693971 .207266255405117 .139412003796947 .152296961657863 .093100313744643 .368381115840651 .12198389279946 .125298956928973 .103392011390471 .104778058720811 .151301593675408 .134291805369212 .141526560064521 .121653221854266 .199026128815106 .088521558666603 .082516240662176 .101880682840722 .095641098076432 .091147111724674 .081223560346454 .097744709830101 .109269105201625 .072580098432222 .055867390085017 .054411389598995 .059805747501879 .065286797412485 .068452494159563 .076426361641404 .086363915035656 .102925913234213 .094219092453687 .143534433854409 .096865271727558 .090715468517198 .094830802700197 .132554909665573 .11794235089417 .111359237236555 .107973399627361 .101096682477816 .103125845709819 .126689515639817 .077841354751193 .071202927863276 .08502178033657 .080249151699554 .078520888148452 .080165618226513 .073887186637857 .074435178542042 .106456208181532 .098170906411437 .12363447562927 .101921546494489 .136225813295466 .096234014470209 .0879356206939 .112748849132532 .125374810258128 .136290462615845 .107727843117332 .133016537325837 .092289008731662 .064997975679057 .060681079946216 .06252546032292 .059974091024586 .063834638067237 .068573715780746 .081595491334327 .084944226297488 .074620113415288 .086572603672448 .076798081684703 .065970971235451 .071978519406 .079622949639293 .081067485295029 .210172234677069 .148122129436515 .191561985455812 .156238505483623 .146794308364475 .169106851183475 .173784703737702 .126658716247619 .149515273235105 .155381589210251 .173832294632998 .155515753293074 .159213876470748 .13837495178839 .136002397927422 .198624867034094 .192537659228632 .175996162425561 .165147769822377 .197517892037121 .144505587218979 .137027790270783 .131621709915678 .151278854355416 .113827892311674 .125148252967194 .097420992137374 .091421948725777 .104379926501806 .092226888313285 .09487624338354 .099091819859922 .101887158414546 .089729086856284 .098484265177588 .088698746552513 .078264513611865 .072313726952259 .082735148561438 .078923967888129 .064734474156006 .054845591204845 .053276635554391 .055616246968855 .049117505406383 .051849322493498 .05695837850723 .05671993137683 .052339543002056 .055657352444453 .054533191634084 .052683884702249 .054751784379851 .052488581691387 .055818516264624 .050165296530857 .077140615460828 .066292948441865 .064392050677271 .064269144483403 .069492302147445 .079162909511476 .074740784428315 .060528361397539 .061315977217128 .055917808277212 .066760697897471 .057389095509485 .05080493708764 .053227254422095 .058102781239651 .043753832988501 .108709668920617 .121137644287073 .098333022063947 .111049880481624 .138285368746572 .162493425795323 .098523441463549 .112917738857866 .081690308347488 .08942204315385 .099384861259872 .052669215638387 .0364981815813
.214494323002451 .192592734074906 .46931942452053 .159428877019077 .139057642490056 .251394786918024 0 .417316723339708 .842133077754727 .624655173205906 1.10566830346015 .917695943261849 .362901788245459 .241533317242109 .09130873064161 .252359348709661 .068072150399721 .268470692590378 .086321811984634 .090539587108207 .077317559607922 .078851494375921 .100635911970508 .095830256460851 .09466990964519 .087755993310547 .117938484568099 .067084356180864 .064198757233986 .074712604490835 .07211896687626 .070387906622986 .064420557994793 .071672424068331 .076929504501318 .057391120693264 .046745226476321 .045436155824143 .049305964000706 .053237761439917 .053996152804445 .059218981334729 .088071180684908 .112527019898628 .099212006441038 .15805814275237 .103298085440166 .094176616598341 .095730480201921 .131062564712763 .123645565989926 .110639893406364 .11286837930447 .10767096787332 .106031836952188 .133723784377315 .081341450301348 .077355013125753 .089104908640788 .085478177501559 .085600982013874 .090581571366476 .078630795557423 .082469474188446 .125209246391466 .111769494467547 .143411702029851 .114286648144326 .163262049144502 .117928706855853 .101034036276317 .126182587140047 .164628125217555 .156608240541445 .134844142251181 .16807475643017 .108843487732558 .07274821165307 .068995727929599 .071050380257754 .068834848372153 .074536353590188 .076275516304864 .099807571026777 .100302989661919 .094631137692638 .108822013911847 .095902868012086 .07935144322057 .088744080272562 .099879814194351 .094930681301165 .197085076638835 .12546922511117 .169656910938807 .168935796620562 .117441976746269 .144899503570926 .195223689315779 .103057461263066 .13848116738708 .153218186382598 .227690873687472 .283672645588536 .248579572646673 .27179921051375 .236880571657988 .343192183692602 .333596829199243 .309850993505486 .338255839749542 .272919419806094 .242197064459292 .218071501457164 .263411147141442 .200347077142064 .155898592796498 .186578757105569 .131397356181056 .117966791632202 .172012533181855 .136830141029509 .124827682853504 .145002342862027 .142506815665606 .125512313867113 .127403018438479 .117091043432558 .102372762303192 .091695731789234 .11499998999563 .106482703713046 .081976152215631 .064887441994709 .063197613268361 .066818135618586 .058825141137744 .062491126030064 .069338127276296 .067215851989758 .062778083347964 .066204863386917 .065996595503749 .064967938333778 .067416853280707 .063840448695925 .069440596803423 .061508289595617 .110317320367116 .089910908601518 .086554699493739 .086120892476461 .09589407945982 .115359554132511 .1061790438474 .079575731167903 .080303801114884 .071623201049123 .090085518187865 .073785058577967 .063598486274304 .067359179256829 .075521903525724 .052972107031373 .191529169317967 .232991018985528 .160141727120009 .198072295580779 .297195051166373 .363510557897403 .161061080647201 .202337873209411 .11350606933669 .135771718784423 .159733878642681 .060892381565833 .039675213443863
.369666279493715 .273058443819733 .524042205419571 .216589771352868 .182949692981282 .614417399338047 .417316723339708 0 .540698689574026 .284281400000156 .372882151453736 .301784748904711 .42935560205113 .260487222464296 .114011871651599 .195450217206614 .081335681458548 .455874502090807 .103437470074297 .107235699048442 .090063905470137 .091505410613244 .124289411212884 .114216015294108 .116685609902557 .104058784735789 .153940458267558 .077805687123985 .073381688992069 .088065891237375 .083727306547662 .080653219797989 .072805317008389 .084617525042196 .092861261738502 .065154862740754 .051471679131673 .050130306224445 .054738039225134 .059402677378162 .061592088478722 .068053229582411 .086067293800892 .105546151869632 .095140801865632 .148863108840229 .09831991229143 .091069700588109 .094163987585343 .131217352710673 .119241834209262 .110044895469961 .108870761595253 .102604984737034 .10323787572078 .128653551755491 .078314642446626 .072733320398632 .085650262833682 .081346825091909 .080310256024837 .083115478388203 .074870204009564 .07660409151979 .112227100627137 .102168462499401 .130080567694166 .105512461823087 .145506040212943 .10283189030557 .091759306807485 .116811718133331 .137781890093028 .143354184499099 .116109778622315 .144598579513287 .097250096544859 .067175333874963 .063114390775057 .065006849573583 .062607837173977 .06704738458084 .070689710463925 .087091368763902 .089521471538175 .080715794424989 .093298442595944 .082595936229067 .070052099050954 .077084668281999 .085758648574254 .085171564971567 .209242713043249 .137235519761598 .183825433439353 .161560870831834 .132256026577578 .158396034100345 .183786038805461 .114735171806479 .14444198691542 .154582694698978 .194497054679685 .18947736968459 .186651496285838 .17071200426374 .162726680390349 .245562485029455 .237021378089278 .214971764708704 .20750092446821 .228392978471315 .171618286482455 .16009629606723 .163253315032137 .168101739818442 .126516607879563 .143077112106305 .107565856583945 .099429334875634 .12293827109119 .105139481998428 .103881014992397 .112353238626785 .113862235578596 .100297206457227 .107239264863216 .097221477565538 .085569359645603 .078239390965191 .092371756115376 .087244457653727 .070103094898829 .057972443164138 .05639162027419 .059133269641206 .052255471223859 .055255819594277 .060856566807132 .059970648838037 .055659865478146 .058945433161227 .058166416067282 .056675073671027 .058809935427229 .056136778065379 .060190184595404 .053898862897679 .087347837225771 .074251629102 .071732023319459 .071390096654096 .078289043833442 .090770949479454 .084644960086323 .067110209361285 .067461235818454 .061148221300086 .074192257545704 .062775647105352 .055188846405502 .058000374258328 .063960112702463 .047032180447835 .131461893567141 .150544899131721 .117026730412728 .135344124674908 .178429301734078 .219589212508455 .11623914280893 .136471957954681 .093672733530532 .104631515466502 .118529139449553 .056592037935398 .038137943094563
.277452523868021 .248294849243997 1.06004916833632 .195575412916128 .165680209433474 .313105342976881 .842133077754727 .540698689574026 0 .591162826864827 1.09827126245578 .440783092091241 .310248515453351 .210008633765217 .100892851768314 .197907927121519 .071839519268948 .265319568272293 .095717524517459 .101262857123291 .084913920665938 .086850091481755 .113650199838454 .107966332724711 .105832183865418 .097715369528896 .135646156892902 .07246097770231 .069254187635333 .081476032264754 .078583588722605 .076660032215086 .069655889551305 .077642117351793 .08346766442513 .061266660661102 .049374018899931 .047854121263526 .052202983568012 .056679263985605 .057042294948081 .063144690131683 .0953106732318 .122902445865811 .107839233371603 .18291902757398 .11241753641153 .102161994358265 .104748976975511 .150392864116141 .138602604932472 .123636713165036 .12493872482435 .117832187169916 .116906496243031 .151574359029861 .086831920667928 .081269614077407 .095864888411035 .091170788225017 .090661546711751 .095291222656736 .083258202309924 .086562684674583 .135374481081175 .120288589680549 .159732771713494 .124053728809372 .184627731495366 .124044906062794 .106941669934858 .139135027181235 .178614833125463 .178290604130188 .143647265685306 .186954248317062 .115105356003046 .075247560090303 .070617684042126 .072911317583464 .07015746573118 .075899990286452 .079392223078951 .102609451951505 .104890379491112 .094700274527388 .111639108611175 .097015746118787 .080119134779093 .089534610995272 .10133617475817 .098969242400512 .251244037141849 .146284098038762 .209145113664011 .199708075598992 .136094778038678 .173154386426226 .237456636943587 .117145460204729 .162393322489159 .181220322002187 .274229345286215 .291052987140969 .276891397436512 .24703839256231 .2327827727683 .425851388370615 .403451457960659 .349310373440831 .336722450223104 .347807049733386 .250218785960509 .225938084281175 .226826982142547 .228884675366319 .162851107157745 .193000237492362 .133552570380209 .120792871019057 .156578419450943 .130056166418883 .12761146322687 .141822567216177 .143768565073463 .123138460214996 .132017547334654 .118106373281242 .101598019158656 .091376609733979 .111306615300304 .104016399212621 .08054361068284 .064843724371583 .062916509173262 .06636871679483 .057831059683541 .061541182592186 .068570763377115 .067319685787567 .062046426109994 .066081106965637 .065177704051976 .06317551588502 .06594228448329 .062614991152593 .067634850458734 .059667062515787 .102202345565417 .08262615189165 .080384514092972 .080593708935258 .087629541091384 .103584208588643 .097564613762975 .073752140906861 .076233592942787 .067981774672979 .084803302235542 .070246830635414 .060455607905872 .063994087271879 .070966931046463 .050596920427358 .162625117085729 .188387755517893 .137032850172003 .164736664479451 .22277966401075 .254273004084282 .142764228535676 .175551303608516 .100072326674855 .117922678024139 .135368946808903 .056879404512757 .037972995981188
.19617462364297 .190852034560472 .44446383076277 .158306049988007 .138220498156192 .205210395000273 .624655173205906 .284281400000156 .591162826864827 0 1.17191749451403 .488995473637305 .229729798963942 .174506828943786 .088123743124697 .192433109029643 .06422557439445 .191278394938849 .085738224669505 .091333473162299 .077494425356367 .079460417060897 .099735823461105 .096908930098705 .093096443446838 .088098628354279 .114898180027287 .066273590262806 .063963140650004 .073767855389141 .071865916390304 .070731366286692 .064855840263757 .070198686972938 .074409876523965 .056781094676146 .046677179002402 .045146890329939 .049082824026879 .053151239369351 .05259725152294 .058024311827744 .09972664053948 .13387494146339 .114901793858314 .197450648806764 .12066079376657 .107973513943193 .109051303472766 .15353648207731 .14693893854435 .127416149080278 .132493339801155 .126379862126731 .122887464487244 .160871409711248 .091929181277551 .087679723572252 .101784617279255 .097579163231567 .098236638000941 .105399537811846 .088920701219428 .094497425322818 .154475398098356 .134291594774132 .180273388242274 .137239397785605 .21224213295045 .14502556779654 .119767920310783 .153671465960311 .22125973645978 .198867644171711 .171089739447152 .224203994958268 .131162623823392 .082220434891328 .077558906332388 .080153903646449 .077356519756584 .084619943653785 .08663077970689 .118786966604197 .11924155830961 .110892881343044 .131757310376744 .113064168837329 .090733746941029 .103185131285232 .118708954161096 .111753390355595 .232502716969469 .138392166774525 .19461955933509 .210955869096714 .126248803516656 .162476782682364 .251549201700288 .110020474491327 .159184155461245 .182182241070351 .325136234815337 .5186220808727871 .404157952413879 .424279488566747 .37291402928969 .642325021353907 .631004728570251 .592889959228034 .727308237971501 .406844928079387 .395238624704952 .334893123495992 .359212504519656 .282630407739238 .20771308534855 .265943224413659 .16602992564133 .145358314299063 .211864960578586 .166693308290364 .15586497911132 .184667681143297 .183730645963046 .154114995177929 .160042461915836 .143549204254948 .121186101008447 .106670543943718 .136799669817623 .12564393963687 .092882281596543 .072079747146531 .06987158067399 .074245021142168 .064007030287039 .068525831619865 .077176638932241 .075036853245249 .069054833925791 .073670806285106 .072963606608569 .070731082045662 .074148102473388 .069939409290767 .076344307375644 .066361897841536 .122519951022162 .093389795172076 .091487337007537 .09239886604251 .099745715988797 .120693876081831 .11493707648875 .082144696018871 .087244979010969 .076398734270549 .098526714008952 .079458915810508 .066840806215744 .071309828447048 .079733881690757 .054839381854576 .21023915562829 .244501244888174 .164229194921295 .206962822057038 .277640757438344 .270492839402032 .183352176445163 .241881971742893 .107951257493582 .134979510175981 .156761234965018 .057868029133317 .03822189264802
.223240541814507 .208650861161304 .594761411883047 .170012892177096 .146911619718418 .243991188808718 1.10566830346015 .372882151453736 1.09827126245578 1.17191749451403 0 .576073711931009 .279562109537152 .199348839732065 .09277340446275 .207940536621542 .067432514851063 .228030813591895 .089002327988824 .094303351842793 .079802451769977 .081669770692444 .10428444217032 .100175427539264 .097413988622638 .091061831775993 .121954722642415 .068400842526842 .065688448680639 .076397951070033 .074042845051629 .072535642159866 .066284452193787 .072855841652074 .077783241493186 .058332660394922 .047548596491383 .04606965826649 .050121613314533 .054289338253646 .054304359015134 .059898846107864 .095605338436629 .125270829572056 .108952903529002 .183920864071439 .113919838208128 .10288697958431 .104613664678334 .147632594220633 .138938156126379 .122439896054031 .125537191994233 .119242593404261 .117091288361282 .151733889991381 .087794272351389 .083127525042089 .096898449808161 .092639940828786 .092753976409375 .09850401198157 .084646871866784 .089015037178497 .141066247214634 .124276705452111 .164785084244067 .127452173860154 .191543316219147 .131311784441981 .111003483222029 .142433429645821 .192596061465422 .182349209403891 .152874085910666 .198033572218874 .120391635869294 .077653064749466 .073207125840974 .075571986261327 .072922020383461 .079284313840408 .081770917974635 .108691590681367 .109850532203609 .101414153785365 .119278843877605 .103428241195896 .084417654226247 .095059649316984 .108197279191916 .103416649166919 .232167027362081 .13826616550659 .194524628219268 .19826043013144 .127585757920451 .162397256307103 .235288331313434 .110836795509303 .155916134442053 .175826225996753 .286443141210845 .364107490786872 .317999328355323 .314852358429681 .283103824285188 .497579153989395 .477031842718744 .42518480798181 .451121362343763 .360694243330216 .299470382234458 .263908399805853 .285724073769201 .244591636216569 .17899630658904 .219235689972171 .146107305775412 .130167079350707 .182314938995826 .146421251921502 .138416615489169 .159529512828699 .159331351107467 .136203349851782 .142335839729076 .128230652153778 .109861034596803 .097823589236729 .122609084697024 .113500165840361 .08607056065376 .067940489299294 .06595281979581 .069827816997969 .060714612779176 .064751260467189 .072408196983226 .07058129787115 .065213274654206 .069343684596289 .068688589183014 .066831442331482 .069788099326273 .066033948504881 .071771226410317 .062977451412863 .112687111444726 .089037559607762 .086640130317801 .086965374359152 .094858450691157 .113799663491647 .107018457100305 .078796078817187 .081896250341839 .072467387113966 .091887191678921 .075033482846241 .063968057101031 .067951692621491 .075835261179631 .053012079332774 .189759828589118 .223623688211901 .154472981353895 .191125606287938 .266310902877099 .28814881831537 .163999997741083 .208880504145807 .106835857857503 .129755152484709 .150762296887993 .058275051458669 .038485427769362
.174611195692374 .159185246332507 .311643169303313 .135836285353409 .120770143923362 .202601836579626 .917695943261849 .301784748904711 .440783092091241 .488995473637305 .576073711931009 0 .342283232952255 .249931858286916 .083360395444623 .317160726839049 .064247535136924 .23959260616376 .078933964133371 .08240937118486 .071314474103467 .072612395417056 .090730857147337 .086771759882485 .085910968208806 .080098803274236 .104663026761411 .06258234789561 .06002289482275 .069159064011217 .066885505132656 .065375007152178 .060195082552075 .066621779024483 .071277801831607 .054070470764347 .044491099318583 .043322817109335 .046814845229987 .050331840874553 .051203992538993 .055768394494566 .082870479379096 .10510668610856 .093043947964334 .141218051792608 .096780196061721 .088458646974823 .089300887561517 .117985287462112 .113220566786913 .10156265484946 .104355304758301 .100432769848028 .098337905007436 .121419651422757 .077389319219029 .074583655995974 .084248886780391 .081390879256376 .081984986086621 .087241599585676 .075316099546212 .079582656632823 .117762996428317 .105601339415962 .131722141924169 .107249935292324 .148003830728818 .113424120381322 .096787320103478 .116930369143768 .153596127620811 .141470286356831 .128153772325831 .153964625747317 .104301590357097 .071083183701943 .068039975836198 .069906638214278 .068135908996507 .073844387567216 .074130207766965 .097990189077804 .09705603147484 .095203015914258 .106973846543872 .095530034223176 .079217831304465 .088638626365747 .09920806006681 .092114741786519 .165508048181531 .111562944394764 .145475055116587 .148724822134494 .104740269451004 .126747906494942 .168367195055456 .093158256012999 .122758470983805 .135016311018135 .196080849154483 .265636328544581 .222714408426575 .287903608630757 .234815841816816 .279513593481433 .276103172703444 .268981960878284 .315540363765275 .225576779384551 .229492669640444 .207906686463687 .301087649323855 .179137687954848 .150008459554131 .179750846963638 .129906450723735 .11605830474456 .189154608174549 .144242906041532 .122888961592673 .14825785601008 .141591940200554 .128321440229722 .123942850258845 .116753509692812 .103748728139961 .092623459985356 .119299083666282 .109537130768683 .083942181494036 .065383827937027 .063901480047966 .067713552148481 .06017418292948 .063831154313487 .070560248773097 .067595480082257 .063908476702278 .066787508792416 .067240251182434 .067172013236106 .069320556500444 .065464104323509 .071696529955652 .063730153290186 .119893879307124 .098471947118625 .093771816382201 .092581015179472 .105700892455473 .129778113352143 .116441225190043 .086301810667883 .085063201351424 .075842571957024 .096270884964504 .077910617458938 .067194932166086 .071236067591274 .080786373446236 .055635683419814 .23024435509007 .299585662308204 .191050070825939 .245238048345489 .432927410267049 .576518161894149 .183560166521615 .235005512743983 .12946512904035 .158666153982209 .192629071829339 .064829410051193 .041237185212786
.20280656310974 .167271089264284 .260802856363163 .145079047299477 .129814225067691 .282091233693971 .362901788245459 .42935560205113 .310248515453351 .229729798963942 .279562109537152 .342283232952255 0 .637139630376494 .094553401652453 .322401556051629 .075305185718365 .692580290834196 .08520664913243 .086847419356651 .075664685471168 .076412142210402 .098482664973372 .091178512980078 .094405260557801 .085011290921297 .116731482824555 .067729609318774 .063964770865811 .075145977559226 .071506226780383 .068891511308684 .063067301291297 .073294594141435 .080274082293232 .058086643724789 .046750611237535 .045852987484735 .049531392409313 .053131723156913 .056335970936095 .060951969715735 .073156410274194 .088049638150669 .080131830205441 .115399947877898 .082585563695154 .077015175775511 .078728845741002 .102602140623161 .096171812651762 .089238093009824 .089343664043886 .085497528251371 .085262618559561 .102255811645473 .067894705101308 .064426217297481 .073309846350616 .070473317031049 .070171696095985 .073055729171219 .065643946481329 .067765757352993 .094394022161195 .086734283937071 .105446051079348 .088623345539053 .115757247616616 .089379529265571 .079719934853766 .09606366753664 .114282955964256 .113261662683005 .098945366972268 .116943614802631 .084317601377964 .060807124499763 .058021000959874 .059490920286406 .057873654487803 .061841106551533 .063373590258318 .078318285770544 .078902552306867 .075198566486872 .083734233905743 .075875939700344 .065133746627818 .071339987100262 .078330395453625 .075520479161387 .143874203659569 .104345538659859 .130373307343163 .122211335112054 .101141217011811 .11647515312915 .135216158053785 .090544461608416 .109500988032468 .116330891159887 .145575236363516 .15923631381655 .148963627627431 .158177277027449 .143642375680891 .181434545801816 .17784222477271 .168783752232761 .175084167232432 .163977983244747 .14528725323777 .13625916052926 .160205169024836 .13203949237386 .109191390480832 .123256916088309 .096478094539978 .089031869880216 .12190823175298 .101519220362836 .092880324107913 .104317538286933 .102386089456435 .093907721506649 .094378336292339 .088582293539433 .08016714264643 .073415492732873 .088570144296376 .083166994173427 .06748670889326 .05516471618295 .054013088396569 .056677932608229 .051177792600344 .053811552748638 .058590255405774 .056800686157339 .053899004706058 .056133615330639 .05625206123944 .056197801203696 .057646097021221 .05495414311002 .059291231839231 .053837597599875 .089772588181314 .080057804444145 .075760044545061 .074198270031808 .084701117171394 .098999905565232 .088844214236051 .072155074708002 .068680953356466 .062918004367309 .075856916648557 .064041786739238 .057209047269187 .059891746216951 .066881327878379 .048966353131443 .14233268356656 .168583028606428 .132383469715211 .151850610494617 .213123653926723 .312366132368484 .121290628825991 .140355960199403 .112147516846099 .120818928955029 .139382218362724 .06474163108807 .041803102829174
